11

{{0, 0, 1, 0, 0, 0, 0, 1, 1, 0, 0}, {0, 0, 1, 1, 1, 1, 1, 0, 1, 1, 
  0}, {0, 0, 0, 0, 0, 0, 0, 0, 0, 0, 1}, {0, 0, 0, 0, 0, 0, 0, 0, 0, 
  0, 1}, {0, 0, 0, 0, 0, 0, 0, 0, 0, 0, 1}, {0, 0, 0, 0, 0, 0, 0, 0, 
  0, 0, 1}, {0, 0, 0, 0, 0, 0, 0, 0, 0, 0, 1}, {0, 0, 0, 0, 0, 0, 0, 
  0, 0, 0, 1}, {0, 0, 0, 0, 0, 0, 0, 0, 0, 0, 1}, {0, 0, 0, 0, 0, 0, 
  0, 0, 0, 0, 1}, {0, 0, 0, 0, 0, 0, 0, 0, 0, 0, 0}}

{{0, 0, {0.3888, 0.807508}, 0, 0, 0, 
  0, {0.65, 1.35}, {0.328138, 0.681517}, 0, 0}, {0, 
  0, {0.2612, 0.542492}, {0.65, 1.35}, {0.65, 1.35}, {0.65, 
   1.35}, {0.65, 1.35}, 0, {0.321862, 0.668483}, {0.65, 1.35}, 0}, {0,
   0, 0, 0, 0, 0, 0, 0, 0, 0, {0.0761702, 0.1582}}, {0, 0, 0, 0, 0, 0,
   0, 0, 0, 0, {0.0395356, 0.0821124}}, {0, 0, 0, 0, 0, 0, 0, 0, 0, 
  0, {0.013818, 0.028699}}, {0, 0, 0, 0, 0, 0, 0, 0, 0, 
  0, {0.251383, 0.522104}}, {0, 0, 0, 0, 0, 0, 0, 0, 0, 
  0, {0.0653877, 0.135805}}, {0, 0, 0, 0, 0, 0, 0, 0, 0, 
  0, {0.0214798, 0.044612}}, {0, 0, 0, 0, 0, 0, 0, 0, 0, 
  0, {0.0439429, 0.0912661}}, {0, 0, 0, 0, 0, 0, 0, 0, 0, 
  0, {0.138282, 0.287202}}, {0, 0, 0, 0, 0, 0, 0, 0, 0, 0, 0}}

{{0, 0, 0, 0, 0, 0, 0, 0, 0, 0, 0}, {0, 0, 0, 0, 0, 0, 0, 0, 0, 0, 
  0}, {0, 0, 0, 0, 0, 0, 0, 0, 0, 0, 0}, {0, 0, 0, 0, 0, 0, 0, 0, 0, 
  0, 0}, {0, 0, 0, 0, 0, 0, 0, 0, 0, 0, 0}, {0, 0, 0, 0, 0, 0, 0, 0, 
  0, 0, 0}, {0, 0, 0, 0, 0, 0, 0, 0, 0, 0, 0}, {0, 0, 0, 0, 0, 0, 0, 
  0, 0, 0, 0}, {0, 0, 0, 0, 0, 0, 0, 0, 0, 0, 0}, {0, 0, 0, 0, 0, 0, 
  0, 0, 0, 0, 0}, {0, 0, 0, 0, 0, 0, 0, 0, 0, 0, 0}}